index,level,sumExp,exp
1,1,0,0
2,2,100,100
3,3,300,200
4,4,600,300
5,5,1000,400
6,6,1500,500
7,7,2100,600
8,8,2800,700
9,9,3600,800
10,10,4500,900